1.0173, 216.1594
9.7807e-3, 223.6259
2.0376, 220.8568
3.0593, 216.6654
4.0801, 217.6202
5.1009, 219.0428
6.1222, 217.1905
7.1286, 217.2094
8.1642, 217.2288
9.1848, 220.0549
10.2064, 215.8635
11.2117, 223.3677
12.2337, 216.8371
13.2548, 216.3884
14.2755, 217.811
15.2971, 214.0874
16.3167, 223.4632
17.3385, 217.8683
18.359, 221.1623
19.3805, 218.3744
20.4014, 218.8613
21.4228, 216.0734
22.4291, 217.0279
23.4501, 217.047
24.4708, 218.9375
25.4922, 216.1496
26.528, 214.7654
27.5337, 219.9304
28.555, 217.6104
29.5756, 220.4365
30.5969, 218.5843
31.6181, 216.732
32.6391, 217.219
33.66, 218.1738
34.6665, 217.2569
35.7023, 215.8728
36.7372, 220.5705
37.7433, 222.9285
38.7497, 222.9474
39.7858, 219.2241
40.793, 214.0967
41.8131, 220.1977
42.8344, 218.3454
43.8555, 217.8967
44.8761, 219.7872
45.8968, 222.1454
46.9184, 218.4219
47.939, 221.248
48.9605, 217.9922
49.9521, 219.4143
