#DataThief /Users/ahmus18/Desktop/racd.png Tuesday 27-Feb-2024 12:53:32 pm
0.0571, 8.4221
1.0475, 17.3295
2.0542, 15.9449
3.0904, 11.7537
4.1113, 12.7085
5.1325, 10.8563
6.1527, 16.4894
7.16, 10.8942
8.1955, 11.3814
9.2006, 18.8856
10.2368, 15.1623
11.2431, 16.5847
12.2796, 10.5222
13.3003, 12.4126
14.307, 11.028
15.3274, 14.7898
16.3634, 12.0021
17.3691, 16.6993
18.4046, 17.6543
19.4113, 15.334
20.4461, 20.9674
21.4531, 16.7757
22.474, 17.2627
23.496, 11.1999
24.5023, 11.6865
25.5234, 10.77
26.5588, 12.6606
27.5653, 11.7439
28.5857, 15.0379
29.6209, 18.3321
30.642, 17.8834
31.6492, 12.2882
32.6846, 13.2432
33.6909, 13.7299
34.7264, 15.1528
35.7473, 15.6397
36.7542, 12.8515
37.7752, 12.4028
38.7948, 21.7786
39.8176, 10.1018
40.8232, 15.2669
41.874, 11.5438
42.8803, 11.5627
43.8869, 11.1137
44.9372, 10.1977
45.9435, 10.6843
46.9352, 11.6385
47.9994, 15.4012
48.9627, 11.2086
49.9977, 15.4386
